# Qwen Server Tuning Results

- Total configs tried: 16
- Healthy configs: 16
- Failed configs: 0

## Top 5 By Completion tok/s

| ctx | batch | ubatch | completion tok/s | total tok/s | wall s | avg RSS MiB | peak RSS MiB |
|---:|---:|---:|---:|---:|---:|---:|---:|
| 32768 | 1024 | 128 | 28.09 | 1181.10 | 16.992 | 47007.1 | 47007.4 |
| 32768 | 512 | 128 | 27.95 | 1175.42 | 17.074 | 47006.2 | 47006.4 |
| 32768 | 1024 | 256 | 27.58 | 1159.67 | 17.302 | 47027.9 | 47028.1 |
| 32768 | 512 | 256 | 27.56 | 1158.69 | 17.318 | 47027.7 | 47028.2 |
| 65536 | 512 | 128 | 21.61 | 4356.56 | 13.872 | 47335.1 | 47335.5 |

## Top 5 By Lowest RSS

| ctx | batch | ubatch | completion tok/s | total tok/s | wall s | avg RSS MiB | peak RSS MiB |
|---:|---:|---:|---:|---:|---:|---:|---:|
| 32768 | 512 | 128 | 27.95 | 1175.42 | 17.074 | 47006.2 | 47006.4 |
| 32768 | 1024 | 128 | 28.09 | 1181.10 | 16.992 | 47007.1 | 47007.4 |
| 32768 | 512 | 256 | 27.56 | 1158.69 | 17.318 | 47027.7 | 47028.2 |
| 32768 | 1024 | 256 | 27.58 | 1159.67 | 17.302 | 47027.9 | 47028.1 |
| 65536 | 512 | 128 | 21.61 | 4356.56 | 13.872 | 47335.1 | 47335.5 |

## All Configs

| status | ctx | batch | ubatch | completion tok/s | total tok/s | wall s | avg RSS MiB | peak RSS MiB | benchmark log |
|---|---:|---:|---:|---:|---:|---:|---:|---:|---|
| ok | 32768 | 512 | 128 | 27.95 | 1175.42 | 17.074 | 47006.2 | 47006.4 | turbo-ctx32768-b512-ub128.benchmark.log |
| ok | 32768 | 512 | 256 | 27.56 | 1158.69 | 17.318 | 47027.7 | 47028.2 | turbo-ctx32768-b512-ub256.benchmark.log |
| ok | 32768 | 1024 | 128 | 28.09 | 1181.10 | 16.992 | 47007.1 | 47007.4 | turbo-ctx32768-b1024-ub128.benchmark.log |
| ok | 32768 | 1024 | 256 | 27.58 | 1159.67 | 17.302 | 47027.9 | 47028.1 | turbo-ctx32768-b1024-ub256.benchmark.log |
| ok | 65536 | 512 | 128 | 21.61 | 4356.56 | 13.872 | 47335.1 | 47335.5 | turbo-ctx65536-b512-ub128.benchmark.log |
| ok | 65536 | 512 | 256 | 20.59 | 4028.23 | 14.365 | 47379.0 | 47380.7 | turbo-ctx65536-b512-ub256.benchmark.log |
| ok | 65536 | 1024 | 128 | 21.61 | 4356.82 | 13.873 | 47343.5 | 47345.6 | turbo-ctx65536-b1024-ub128.benchmark.log |
| ok | 65536 | 1024 | 256 | 20.59 | 4028.29 | 14.364 | 47376.4 | 47378.1 | turbo-ctx65536-b1024-ub256.benchmark.log |
| ok | 98304 | 512 | 128 | 19.25 | 3588.14 | 17.166 | 47734.8 | 47735.3 | turbo-ctx98304-b512-ub128.benchmark.log |
| ok | 98304 | 512 | 256 | 14.35 | 9495.23 | 6.176 | 47792.3 | 47792.7 | turbo-ctx98304-b512-ub256.benchmark.log |
| ok | 98304 | 1024 | 128 | 19.12 | 3561.98 | 17.272 | 47734.9 | 47735.4 | turbo-ctx98304-b1024-ub128.benchmark.log |
| ok | 98304 | 1024 | 256 | 14.39 | 9517.82 | 6.161 | 47792.5 | 47794.3 | turbo-ctx98304-b1024-ub256.benchmark.log |
| ok | 131072 | 512 | 128 | 17.00 | 2985.84 | 26.308 | 48075.7 | 48076.7 | turbo-ctx131072-b512-ub128.benchmark.log |
| ok | 131072 | 512 | 256 | 16.44 | 2887.14 | 27.205 | 48140.2 | 48140.4 | turbo-ctx131072-b512-ub256.benchmark.log |
| ok | 131072 | 1024 | 128 | 17.00 | 2985.10 | 26.314 | 48062.6 | 48063.3 | turbo-ctx131072-b1024-ub128.benchmark.log |
| ok | 131072 | 1024 | 256 | 16.47 | 2892.25 | 27.156 | 48141.4 | 48142.2 | turbo-ctx131072-b1024-ub256.benchmark.log |
